[[[[[1.         1.         1.        ]
    [1.         1.         1.        ]
    [1.         1.         1.        ]
    [1.         1.         1.        ]]

   [[1.         1.         1.        ]
    [1.         1.         1.        ]
    [1.         1.         1.        ]
    [1.         1.         1.        ]]

   [[1.         1.         1.        ]
    [1.         1.         1.        ]
    [1.         1.         1.        ]
    [1.         1.         1.        ]]

   ...

   [[1.         1.         1.        ]
    [1.         0.83333333 0.83333333]
    [1.         1.         1.        ]
    [1.         1.         1.        ]]

   [[1.         1.         1.        ]
    [1.         1.         1.        ]
    [1.         1.         1.        ]
    [1.         1.         1.        ]]

   [[1.         1.         1.        ]
    [1.         1.         1.        ]
    [1.         1.         1.        ]
    [1.         1.         1.        ]]]


  [[[0.99550898 0.99593496 0.99593496]
    [1.         1.         1.        ]
    [1.         1.         1.        ]
    [1.         1.         1.        ]]

   [[1.         1.         1.        ]
    [1.         1.         1.        ]
    [1.         1.         1.        ]
    [1.         1.         1.        ]]

   [[1.         1.         1.        ]
    [1.         1.         1.        ]
    [1.         1.         1.        ]
    [1.         1.         1.        ]]

   ...

   [[1.         1.         1.        ]
    [1.         0.83333333 0.83333333]
    [1.         1.         1.        ]
    [1.         1.         1.        ]]

   [[1.         1.         1.        ]
    [1.         1.         1.        ]
    [1.         1.         1.        ]
    [1.         1.         1.        ]]

   [[1.         1.         1.        ]
    [1.         1.         1.        ]
    [1.         1.         1.        ]
    [1.         1.         1.        ]]]


  [[[0.99550898 0.99593496 0.99593496]
    [1.         1.         1.        ]
    [1.         1.         1.        ]
    [1.         1.         1.        ]]

   [[1.         1.         1.        ]
    [1.         1.         1.        ]
    [1.         1.         1.        ]
    [1.         1.         1.        ]]

   [[1.         1.         1.        ]
    [1.         1.         1.        ]
    [1.         1.         1.        ]
    [1.         1.         1.        ]]

   ...

   [[1.         1.         1.        ]
    [1.         0.83333333 0.83333333]
    [1.         1.         1.        ]
    [1.         1.         1.        ]]

   [[1.         1.         1.        ]
    [1.         1.         1.        ]
    [1.         1.         1.        ]
    [1.         1.         1.        ]]

   [[1.         1.         1.        ]
    [1.         1.         1.        ]
    [1.         1.         1.        ]
    [1.         1.         1.        ]]]


  ...


  [[[0.         0.         0.        ]
    [0.         0.         0.        ]
    [0.         0.         0.        ]
    [0.         0.         0.44283599]]

   [[0.         0.         0.        ]
    [0.         0.         0.        ]
    [0.         0.         0.        ]
    [0.         0.         0.12098765]]

   [[0.         0.         0.        ]
    [0.         0.         0.        ]
    [0.         0.         0.        ]
    [0.         0.         0.08128193]]

   ...

   [[0.         0.         0.        ]
    [0.         0.         0.        ]
    [0.         0.         0.        ]
    [0.         0.         0.        ]]

   [[0.         0.         0.        ]
    [0.         0.         0.        ]
    [0.         0.         0.        ]
    [0.         0.         0.        ]]

   [[0.         0.         0.        ]
    [0.         0.         0.        ]
    [0.         0.         0.        ]
    [0.         0.02727273 0.00767263]]]


  [[[0.         0.         0.        ]
    [0.         0.         0.        ]
    [0.         0.         0.        ]
    [0.         0.         0.10649798]]

   [[0.         0.         0.        ]
    [0.         0.         0.        ]
    [0.         0.         0.        ]
    [0.         0.         0.        ]]

   [[0.         0.         0.        ]
    [0.         0.         0.        ]
    [0.         0.         0.        ]
    [0.         0.         0.        ]]

   ...

   [[0.         0.         0.        ]
    [0.         0.         0.        ]
    [0.         0.         0.        ]
    [0.         0.         0.        ]]

   [[0.         0.         0.        ]
    [0.         0.         0.        ]
    [0.         0.         0.        ]
    [0.         0.         0.        ]]

   [[0.         0.         0.        ]
    [0.         0.         0.        ]
    [0.         0.         0.        ]
    [0.         0.02727273 0.00767263]]]


  [[[0.         0.         0.        ]
    [0.         0.         0.        ]
    [0.         0.         0.        ]
    [0.         0.         0.        ]]

   [[0.         0.         0.        ]
    [0.         0.         0.        ]
    [0.         0.         0.        ]
    [0.         0.         0.        ]]

   [[0.         0.         0.        ]
    [0.         0.         0.        ]
    [0.         0.         0.        ]
    [0.         0.         0.        ]]

   ...

   [[0.         0.         0.        ]
    [0.         0.         0.        ]
    [0.         0.         0.        ]
    [0.         0.         0.        ]]

   [[0.         0.         0.        ]
    [0.         0.         0.        ]
    [0.         0.         0.        ]
    [0.         0.         0.        ]]

   [[0.         0.         0.        ]
    [0.         0.         0.        ]
    [0.         0.         0.        ]
    [0.         0.02727273 0.00767263]]]]



 [[[[1.         1.         1.        ]
    [1.         1.         1.        ]
    [1.         1.         1.        ]
    [1.         1.         1.        ]]

   [[1.         1.         1.        ]
    [1.         1.         1.        ]
    [1.         1.         1.        ]
    [1.         1.         1.        ]]

   [[1.         1.         1.        ]
    [1.         1.         1.        ]
    [1.         1.         1.        ]
    [1.         1.         1.        ]]

   ...

   [[1.         1.         1.        ]
    [1.         0.83333333 0.83333333]
    [1.         1.         1.        ]
    [1.         1.         1.        ]]

   [[1.         1.         1.        ]
    [1.         1.         1.        ]
    [1.         1.         1.        ]
    [1.         1.         1.        ]]

   [[1.         1.         1.        ]
    [1.         1.         1.        ]
    [1.         1.         1.        ]
    [1.         1.         1.        ]]]


  [[[0.99458484 0.99500832 0.99500832]
    [1.         1.         1.        ]
    [1.         1.         1.        ]
    [1.         1.         1.        ]]

   [[1.         1.         1.        ]
    [1.         1.         1.        ]
    [1.         1.         1.        ]
    [1.         1.         1.        ]]

   [[1.         1.         1.        ]
    [1.         1.         1.        ]
    [1.         1.         1.        ]
    [1.         1.         1.        ]]

   ...

   [[1.         1.         1.        ]
    [1.         0.83333333 0.83333333]
    [1.         1.         1.        ]
    [1.         1.         1.        ]]

   [[1.         1.         1.        ]
    [1.         1.         1.        ]
    [1.         1.         1.        ]
    [1.         1.         1.        ]]

   [[1.         1.         1.        ]
    [1.         1.         1.        ]
    [1.         1.         1.        ]
    [1.         1.         1.        ]]]


  [[[0.99458484 0.99500832 0.99500832]
    [1.         1.         1.        ]
    [1.         1.         1.        ]
    [1.         1.         1.        ]]

   [[1.         1.         1.        ]
    [1.         1.         1.        ]
    [1.         1.         1.        ]
    [1.         1.         1.        ]]

   [[1.         1.         1.        ]
    [1.         1.         1.        ]
    [1.         1.         1.        ]
    [1.         1.         1.        ]]

   ...

   [[1.         1.         1.        ]
    [1.         0.83333333 0.83333333]
    [1.         1.         1.        ]
    [1.         1.         1.        ]]

   [[1.         1.         1.        ]
    [1.         1.         1.        ]
    [1.         1.         1.        ]
    [1.         1.         1.        ]]

   [[1.         1.         1.        ]
    [1.         1.         1.        ]
    [1.         1.         1.        ]
    [1.         1.         1.        ]]]


  ...


  [[[0.         0.         0.        ]
    [0.         0.         0.        ]
    [0.         0.         0.        ]
    [0.         0.         0.28408611]]

   [[0.         0.         0.        ]
    [0.         0.         0.        ]
    [0.         0.         0.        ]
    [0.         0.         0.        ]]

   [[0.         0.         0.        ]
    [0.         0.         0.        ]
    [0.         0.         0.        ]
    [0.         0.         0.06448047]]

   ...

   [[0.         0.         0.        ]
    [0.         0.         0.        ]
    [0.         0.         0.        ]
    [0.         0.         0.        ]]

   [[0.         0.         0.        ]
    [0.         0.         0.        ]
    [0.         0.         0.        ]
    [0.         0.         0.        ]]

   [[0.         0.         0.        ]
    [0.         0.         0.        ]
    [0.         0.         0.        ]
    [0.         0.02752294 0.00769231]]]


  [[[0.         0.         0.        ]
    [0.         0.         0.        ]
    [0.         0.         0.        ]
    [0.         0.         0.        ]]

   [[0.         0.         0.        ]
    [0.         0.         0.        ]
    [0.         0.         0.        ]
    [0.         0.         0.        ]]

   [[0.         0.         0.        ]
    [0.         0.         0.        ]
    [0.         0.         0.        ]
    [0.         0.         0.        ]]

   ...

   [[0.         0.         0.        ]
    [0.         0.         0.        ]
    [0.         0.         0.        ]
    [0.         0.         0.        ]]

   [[0.         0.         0.        ]
    [0.         0.         0.        ]
    [0.         0.         0.        ]
    [0.         0.         0.        ]]

   [[0.         0.         0.        ]
    [0.         0.         0.        ]
    [0.         0.         0.        ]
    [0.         0.02752294 0.00769231]]]


  [[[0.         0.         0.        ]
    [0.         0.         0.        ]
    [0.         0.         0.        ]
    [0.         0.         0.        ]]

   [[0.         0.         0.        ]
    [0.         0.         0.        ]
    [0.         0.         0.        ]
    [0.         0.         0.        ]]

   [[0.         0.         0.        ]
    [0.         0.         0.        ]
    [0.         0.         0.        ]
    [0.         0.         0.        ]]

   ...

   [[0.         0.         0.        ]
    [0.         0.         0.        ]
    [0.         0.         0.        ]
    [0.         0.         0.        ]]

   [[0.         0.         0.        ]
    [0.         0.         0.        ]
    [0.         0.         0.        ]
    [0.         0.         0.        ]]

   [[0.         0.         0.        ]
    [0.         0.         0.        ]
    [0.         0.         0.        ]
    [0.         0.02752294 0.00769231]]]]



 [[[[1.         1.         1.        ]
    [1.         1.         1.        ]
    [1.         1.         1.        ]
    [1.         1.         1.        ]]

   [[1.         1.         1.        ]
    [1.         1.         1.        ]
    [1.         1.         1.        ]
    [1.         1.         1.        ]]

   [[1.         1.         1.        ]
    [1.         1.         1.        ]
    [1.         1.         1.        ]
    [1.         1.         1.        ]]

   ...

   [[1.         1.         1.        ]
    [1.         0.83333333 0.83333333]
    [1.         1.         1.        ]
    [1.         1.         1.        ]]

   [[1.         1.         1.        ]
    [1.         1.         1.        ]
    [1.         1.         1.        ]
    [1.         1.         1.        ]]

   [[1.         1.         1.        ]
    [1.         1.         1.        ]
    [1.         1.         1.        ]
    [1.         1.         1.        ]]]


  [[[0.99458484 0.99500832 0.99500832]
    [1.         1.         1.        ]
    [1.         1.         1.        ]
    [1.         1.         1.        ]]

   [[1.         1.         1.        ]
    [1.         1.         1.        ]
    [1.         1.         1.        ]
    [1.         1.         1.        ]]

   [[1.         1.         1.        ]
    [1.         1.         1.        ]
    [1.         1.         1.        ]
    [1.         1.         1.        ]]

   ...

   [[1.         1.         1.        ]
    [1.         0.83333333 0.83333333]
    [1.         1.         1.        ]
    [1.         1.         1.        ]]

   [[1.         1.         1.        ]
    [1.         1.         1.        ]
    [1.         1.         1.        ]
    [1.         1.         1.        ]]

   [[1.         1.         1.        ]
    [1.         1.         1.        ]
    [1.         1.         1.        ]
    [1.         1.         1.        ]]]


  [[[0.99458484 0.99500832 0.99500832]
    [1.         0.99519231 0.99519231]
    [1.         1.         1.        ]
    [1.         1.         1.        ]]

   [[1.         1.         1.        ]
    [1.         1.         1.        ]
    [1.         1.         1.        ]
    [1.         1.         1.        ]]

   [[1.         1.         1.        ]
    [1.         1.         1.        ]
    [1.         1.         1.        ]
    [1.         1.         1.        ]]

   ...

   [[1.         1.         1.        ]
    [1.         0.83333333 0.83333333]
    [1.         1.         1.        ]
    [1.         1.         1.        ]]

   [[1.         1.         1.        ]
    [1.         1.         1.        ]
    [1.         1.         1.        ]
    [1.         1.         1.        ]]

   [[1.         1.         1.        ]
    [1.         1.         1.        ]
    [1.         1.         1.        ]
    [1.         1.         1.        ]]]


  ...


  [[[0.         0.         0.        ]
    [0.         0.         0.        ]
    [0.         0.         0.        ]
    [0.         0.         0.18391747]]

   [[0.         0.         0.        ]
    [0.         0.         0.        ]
    [0.         0.         0.        ]
    [0.         0.         0.        ]]

   [[0.         0.         0.        ]
    [0.         0.         0.        ]
    [0.         0.         0.        ]
    [0.         0.         0.05567929]]

   ...

   [[0.         0.         0.        ]
    [0.         0.         0.        ]
    [0.         0.         0.        ]
    [0.         0.         0.        ]]

   [[0.         0.         0.        ]
    [0.         0.         0.        ]
    [0.         0.         0.        ]
    [0.         0.         0.        ]]

   [[0.         0.         0.        ]
    [0.         0.         0.        ]
    [0.         0.         0.        ]
    [0.         0.02752294 0.00771208]]]


  [[[0.         0.         0.        ]
    [0.         0.         0.        ]
    [0.         0.         0.        ]
    [0.         0.         0.        ]]

   [[0.         0.         0.        ]
    [0.         0.         0.        ]
    [0.         0.         0.        ]
    [0.         0.         0.        ]]

   [[0.         0.         0.        ]
    [0.         0.         0.        ]
    [0.         0.         0.        ]
    [0.         0.         0.        ]]

   ...

   [[0.         0.         0.        ]
    [0.         0.         0.        ]
    [0.         0.         0.        ]
    [0.         0.         0.        ]]

   [[0.         0.         0.        ]
    [0.         0.         0.        ]
    [0.         0.         0.        ]
    [0.         0.         0.        ]]

   [[0.         0.         0.        ]
    [0.         0.         0.        ]
    [0.         0.         0.        ]
    [0.         0.02752294 0.00771208]]]


  [[[0.         0.         0.        ]
    [0.         0.         0.        ]
    [0.         0.         0.        ]
    [0.         0.         0.        ]]

   [[0.         0.         0.        ]
    [0.         0.         0.        ]
    [0.         0.         0.        ]
    [0.         0.         0.        ]]

   [[0.         0.         0.        ]
    [0.         0.         0.        ]
    [0.         0.         0.        ]
    [0.         0.         0.        ]]

   ...

   [[0.         0.         0.        ]
    [0.         0.         0.        ]
    [0.         0.         0.        ]
    [0.         0.         0.        ]]

   [[0.         0.         0.        ]
    [0.         0.         0.        ]
    [0.         0.         0.        ]
    [0.         0.         0.        ]]

   [[0.         0.         0.        ]
    [0.         0.         0.        ]
    [0.         0.         0.        ]
    [0.         0.02752294 0.00771208]]]]



 ...



 [[[[1.         1.         1.        ]
    [1.         1.         1.        ]
    [1.         1.         1.        ]
    [1.         1.         1.        ]]

   [[1.         1.         1.        ]
    [1.         1.         1.        ]
    [1.         1.         1.        ]
    [1.         1.         1.        ]]

   [[1.         1.         1.        ]
    [0.85714286 0.875      0.875     ]
    [1.         1.         1.        ]
    [1.         1.         1.        ]]

   ...

   [[1.         1.         1.        ]
    [0.         0.16666667 0.125     ]
    [1.         1.         1.        ]
    [1.         1.         1.        ]]

   [[0.25       0.25       0.25      ]
    [0.         0.         0.        ]
    [0.33333333 0.33333333 0.33333333]
    [0.5        0.5        0.5       ]]

   [[1.         1.         1.        ]
    [0.         0.13333333 0.13333333]
    [1.         1.         1.        ]
    [1.         1.         1.        ]]]


  [[[0.93913043 0.93913043 0.93913043]
    [0.73770492 0.78461538 0.78461538]
    [0.95698925 0.96078431 0.96078431]
    [0.96969697 0.96969697 0.96969697]]

   [[1.         1.         1.        ]
    [0.66666667 0.5        0.5       ]
    [1.         1.         1.        ]
    [1.         1.         1.        ]]

   [[1.         1.         1.        ]
    [0.66666667 0.61290323 0.61290323]
    [0.91891892 0.93478261 0.93478261]
    [1.         1.         1.        ]]

   ...

   [[1.         1.         1.        ]
    [0.         0.16666667 0.125     ]
    [1.         1.         1.        ]
    [1.         1.         1.        ]]

   [[0.25       0.25       0.25      ]
    [0.         0.         0.        ]
    [0.33333333 0.33333333 0.33333333]
    [0.5        0.5        0.5       ]]

   [[1.         1.         1.        ]
    [0.         0.13333333 0.13333333]
    [1.         1.         1.        ]
    [1.         1.         1.        ]]]


  [[[0.93596059 0.93768546 0.93768546]
    [0.         0.66412214 0.66412214]
    [0.95698925 0.96078431 0.96078431]
    [0.96969697 0.96969697 0.96969697]]

   [[1.         1.         1.        ]
    [0.25       0.17647059 0.17647059]
    [1.         1.         1.        ]
    [1.         1.         1.        ]]

   [[0.95652174 0.95652174 0.95652174]
    [0.66666667 0.61290323 0.61290323]
    [0.91891892 0.93478261 0.93478261]
    [1.         1.         1.        ]]

   ...

   [[1.         1.         1.        ]
    [0.         0.16666667 0.125     ]
    [1.         1.         1.        ]
    [1.         1.         1.        ]]

   [[0.25       0.25       0.25      ]
    [0.         0.         0.        ]
    [0.33333333 0.33333333 0.33333333]
    [0.5        0.5        0.5       ]]

   [[1.         1.         1.        ]
    [0.         0.13333333 0.13333333]
    [1.         1.         1.        ]
    [1.         1.         1.        ]]]


  ...


  [[[0.         0.         0.        ]
    [0.         0.         0.        ]
    [0.         0.         0.        ]
    [0.         0.         0.        ]]

   [[0.         0.         0.        ]
    [0.         0.         0.        ]
    [0.         0.         0.        ]
    [0.         0.         0.        ]]

   [[0.         0.         0.        ]
    [0.         0.         0.        ]
    [0.         0.         0.        ]
    [0.         0.         0.        ]]

   ...

   [[0.         0.         0.        ]
    [0.         0.         0.        ]
    [0.         0.         0.        ]
    [0.         0.         0.        ]]

   [[0.         0.         0.        ]
    [0.         0.         0.        ]
    [0.         0.         0.        ]
    [0.         0.         0.        ]]

   [[0.         0.         0.        ]
    [0.         0.         0.        ]
    [0.         0.         0.        ]
    [0.         0.         0.00704225]]]


  [[[0.         0.         0.        ]
    [0.         0.         0.        ]
    [0.         0.         0.        ]
    [0.         0.         0.        ]]

   [[0.         0.         0.        ]
    [0.         0.         0.        ]
    [0.         0.         0.        ]
    [0.         0.         0.        ]]

   [[0.         0.         0.        ]
    [0.         0.         0.        ]
    [0.         0.         0.        ]
    [0.         0.         0.        ]]

   ...

   [[0.         0.         0.        ]
    [0.         0.         0.        ]
    [0.         0.         0.        ]
    [0.         0.         0.        ]]

   [[0.         0.         0.        ]
    [0.         0.         0.        ]
    [0.         0.         0.        ]
    [0.         0.         0.        ]]

   [[0.         0.         0.        ]
    [0.         0.         0.        ]
    [0.         0.         0.        ]
    [0.         0.         0.00704225]]]


  [[[0.         0.         0.        ]
    [0.         0.         0.        ]
    [0.         0.         0.        ]
    [0.         0.         0.        ]]

   [[0.         0.         0.        ]
    [0.         0.         0.        ]
    [0.         0.         0.        ]
    [0.         0.         0.        ]]

   [[0.         0.         0.        ]
    [0.         0.         0.        ]
    [0.         0.         0.        ]
    [0.         0.         0.        ]]

   ...

   [[0.         0.         0.        ]
    [0.         0.         0.        ]
    [0.         0.         0.        ]
    [0.         0.         0.        ]]

   [[0.         0.         0.        ]
    [0.         0.         0.        ]
    [0.         0.         0.        ]
    [0.         0.         0.        ]]

   [[0.         0.         0.        ]
    [0.         0.         0.        ]
    [0.         0.         0.        ]
    [0.         0.         0.00704225]]]]



 [[[[1.         1.         1.        ]
    [1.         1.         1.        ]
    [1.         1.         1.        ]
    [1.         1.         1.        ]]

   [[1.         1.         1.        ]
    [1.         1.         1.        ]
    [0.6        0.6        0.6       ]
    [1.         1.         1.        ]]

   [[1.         1.         1.        ]
    [0.66666667 0.66666667 0.66666667]
    [1.         1.         1.        ]
    [1.         1.         1.        ]]

   ...

   [[0.92307692 0.92592593 0.92592593]
    [0.         0.         0.        ]
    [1.         1.         1.        ]
    [0.92307692 0.92592593 0.92592593]]

   [[0.125      0.11111111 0.11111111]
    [0.         0.         0.        ]
    [0.         0.         0.        ]
    [0.33333333 0.33333333 0.33333333]]

   [[1.         1.         1.        ]
    [0.         0.08333333 0.08333333]
    [0.5        0.5        0.5       ]
    [1.         1.         1.        ]]]


  [[[0.85987261 0.86075949 0.86075949]
    [0.         0.37288136 0.37288136]
    [0.86486486 0.87804878 0.87804878]
    [0.91304348 0.91304348 0.91304348]]

   [[0.83333333 0.83333333 0.83333333]
    [0.66666667 0.5        0.5       ]
    [0.6        0.6        0.6       ]
    [1.         1.         1.        ]]

   [[0.84615385 0.84615385 0.84615385]
    [0.38888889 0.3902439  0.3902439 ]
    [0.72222222 0.73076923 0.73076923]
    [1.         1.         1.        ]]

   ...

   [[0.92307692 0.92592593 0.92592593]
    [0.         0.         0.        ]
    [1.         1.         1.        ]
    [0.92307692 0.92592593 0.92592593]]

   [[0.125      0.11111111 0.11111111]
    [0.         0.         0.        ]
    [0.         0.         0.        ]
    [0.33333333 0.33333333 0.33333333]]

   [[1.         1.         1.        ]
    [0.         0.08333333 0.08333333]
    [0.5        0.5        0.5       ]
    [1.         1.         1.        ]]]


  [[[0.85057471 0.85164835 0.85164835]
    [0.         0.15619694 0.15619694]
    [0.83673469 0.87640449 0.87640449]
    [0.90163934 0.90163934 0.90163934]]

   [[0.69230769 0.69230769 0.69230769]
    [0.25       0.17647059 0.17647059]
    [0.6        0.6        0.6       ]
    [1.         1.         1.        ]]

   [[0.81132075 0.81818182 0.81818182]
    [0.         0.22641509 0.22641509]
    [0.72222222 0.73076923 0.73076923]
    [0.9375     0.9375     0.9375    ]]

   ...

   [[0.92307692 0.92592593 0.92592593]
    [0.         0.         0.        ]
    [1.         1.         1.        ]
    [0.92307692 0.92592593 0.92592593]]

   [[0.125      0.11111111 0.11111111]
    [0.         0.         0.        ]
    [0.         0.         0.        ]
    [0.33333333 0.33333333 0.33333333]]

   [[0.66666667 0.66666667 0.66666667]
    [0.         0.08333333 0.08333333]
    [0.5        0.5        0.5       ]
    [1.         1.         1.        ]]]


  ...


  [[[0.         0.         0.        ]
    [0.         0.         0.        ]
    [0.         0.         0.        ]
    [0.         0.         0.        ]]

   [[0.         0.         0.        ]
    [0.         0.         0.        ]
    [0.         0.         0.        ]
    [0.         0.         0.        ]]

   [[0.         0.         0.        ]
    [0.         0.         0.        ]
    [0.         0.         0.        ]
    [0.         0.         0.        ]]

   ...

   [[0.         0.         0.        ]
    [0.         0.         0.        ]
    [0.         0.         0.        ]
    [0.         0.         0.        ]]

   [[0.         0.         0.        ]
    [0.         0.         0.        ]
    [0.         0.         0.        ]
    [0.         0.         0.        ]]

   [[0.         0.         0.        ]
    [0.         0.         0.        ]
    [0.         0.         0.        ]
    [0.         0.         0.00702576]]]


  [[[0.         0.         0.        ]
    [0.         0.         0.        ]
    [0.         0.         0.        ]
    [0.         0.         0.        ]]

   [[0.         0.         0.        ]
    [0.         0.         0.        ]
    [0.         0.         0.        ]
    [0.         0.         0.        ]]

   [[0.         0.         0.        ]
    [0.         0.         0.        ]
    [0.         0.         0.        ]
    [0.         0.         0.        ]]

   ...

   [[0.         0.         0.        ]
    [0.         0.         0.        ]
    [0.         0.         0.        ]
    [0.         0.         0.        ]]

   [[0.         0.         0.        ]
    [0.         0.         0.        ]
    [0.         0.         0.        ]
    [0.         0.         0.        ]]

   [[0.         0.         0.        ]
    [0.         0.         0.        ]
    [0.         0.         0.        ]
    [0.         0.         0.00702576]]]


  [[[0.         0.         0.        ]
    [0.         0.         0.        ]
    [0.         0.         0.        ]
    [0.         0.         0.        ]]

   [[0.         0.         0.        ]
    [0.         0.         0.        ]
    [0.         0.         0.        ]
    [0.         0.         0.        ]]

   [[0.         0.         0.        ]
    [0.         0.         0.        ]
    [0.         0.         0.        ]
    [0.         0.         0.        ]]

   ...

   [[0.         0.         0.        ]
    [0.         0.         0.        ]
    [0.         0.         0.        ]
    [0.         0.         0.        ]]

   [[0.         0.         0.        ]
    [0.         0.         0.        ]
    [0.         0.         0.        ]
    [0.         0.         0.        ]]

   [[0.         0.         0.        ]
    [0.         0.         0.        ]
    [0.         0.         0.        ]
    [0.         0.         0.00702576]]]]



 [[[[1.         1.         1.        ]
    [0.         0.375      0.375     ]
    [1.         1.         1.        ]
    [1.         1.         1.        ]]

   [[0.66666667 0.66666667 0.66666667]
    [0.         0.         0.        ]
    [0.19047619 0.17391304 0.17391304]
    [0.66666667 0.66666667 0.66666667]]

   [[0.5        0.5        0.5       ]
    [0.4        0.4        0.4       ]
    [1.         1.         1.        ]
    [0.53333333 0.50980392 0.50980392]]

   ...

   [[0.72       0.71428571 0.71428571]
    [0.         0.         0.        ]
    [0.         0.02857143 0.02857143]
    [0.72       0.71428571 0.71428571]]

   [[0.         0.         0.        ]
    [0.         0.         0.        ]
    [0.         0.         0.        ]
    [0.         0.         0.        ]]

   [[0.33333333 0.33333333 0.33333333]
    [0.         0.         0.        ]
    [0.5        0.5        0.5       ]
    [0.33333333 0.33333333 0.33333333]]]


  [[[0.55299539 0.55       0.55      ]
    [0.         0.         0.        ]
    [0.4875     0.49411765 0.49411765]
    [0.55319149 0.55063291 0.55063291]]

   [[0.4        0.38461538 0.38461538]
    [0.         0.         0.        ]
    [0.19047619 0.17391304 0.17391304]
    [0.66666667 0.66666667 0.66666667]]

   [[0.42857143 0.40740741 0.40740741]
    [0.         0.         0.        ]
    [0.29032258 0.28571429 0.28571429]
    [0.53333333 0.50980392 0.50980392]]

   ...

   [[0.72       0.71428571 0.71428571]
    [0.         0.         0.        ]
    [0.         0.02857143 0.02857143]
    [0.72       0.71428571 0.71428571]]

   [[0.         0.         0.        ]
    [0.         0.         0.        ]
    [0.         0.         0.        ]
    [0.         0.         0.        ]]

   [[0.33333333 0.33333333 0.33333333]
    [0.         0.         0.        ]
    [0.5        0.5        0.5       ]
    [0.33333333 0.33333333 0.33333333]]]


  [[[0.5061296  0.50080515 0.50080515]
    [0.         0.         0.        ]
    [0.33185841 0.40425532 0.40425532]
    [0.55319149 0.55063291 0.55063291]]

   [[0.4        0.38461538 0.38461538]
    [0.         0.         0.        ]
    [0.19047619 0.17391304 0.17391304]
    [0.66666667 0.66666667 0.66666667]]

   [[0.37383178 0.35779817 0.35779817]
    [0.         0.         0.        ]
    [0.26190476 0.23636364 0.23636364]
    [0.53333333 0.50980392 0.50980392]]

   ...

   [[0.72       0.71428571 0.71428571]
    [0.         0.         0.        ]
    [0.         0.02857143 0.02857143]
    [0.72       0.71428571 0.71428571]]

   [[0.         0.         0.        ]
    [0.         0.         0.        ]
    [0.         0.         0.        ]
    [0.         0.         0.        ]]

   [[0.33333333 0.33333333 0.33333333]
    [0.         0.         0.        ]
    [0.5        0.5        0.5       ]
    [0.33333333 0.33333333 0.33333333]]]


  ...


  [[[0.         0.         0.        ]
    [0.         0.         0.        ]
    [0.         0.         0.        ]
    [0.         0.         0.        ]]

   [[0.         0.         0.        ]
    [0.         0.         0.        ]
    [0.         0.         0.        ]
    [0.         0.         0.        ]]

   [[0.         0.         0.        ]
    [0.         0.         0.        ]
    [0.         0.         0.        ]
    [0.         0.         0.        ]]

   ...

   [[0.         0.         0.        ]
    [0.         0.         0.        ]
    [0.         0.         0.        ]
    [0.         0.         0.        ]]

   [[0.         0.         0.        ]
    [0.         0.         0.        ]
    [0.         0.         0.        ]
    [0.         0.         0.        ]]

   [[0.         0.         0.        ]
    [0.         0.         0.        ]
    [0.         0.         0.        ]
    [0.         0.         0.        ]]]


  [[[0.         0.         0.        ]
    [0.         0.         0.        ]
    [0.         0.         0.        ]
    [0.         0.         0.        ]]

   [[0.         0.         0.        ]
    [0.         0.         0.        ]
    [0.         0.         0.        ]
    [0.         0.         0.        ]]

   [[0.         0.         0.        ]
    [0.         0.         0.        ]
    [0.         0.         0.        ]
    [0.         0.         0.        ]]

   ...

   [[0.         0.         0.        ]
    [0.         0.         0.        ]
    [0.         0.         0.        ]
    [0.         0.         0.        ]]

   [[0.         0.         0.        ]
    [0.         0.         0.        ]
    [0.         0.         0.        ]
    [0.         0.         0.        ]]

   [[0.         0.         0.        ]
    [0.         0.         0.        ]
    [0.         0.         0.        ]
    [0.         0.         0.        ]]]


  [[[0.         0.         0.        ]
    [0.         0.         0.        ]
    [0.         0.         0.        ]
    [0.         0.         0.        ]]

   [[0.         0.         0.        ]
    [0.         0.         0.        ]
    [0.         0.         0.        ]
    [0.         0.         0.        ]]

   [[0.         0.         0.        ]
    [0.         0.         0.        ]
    [0.         0.         0.        ]
    [0.         0.         0.        ]]

   ...

   [[0.         0.         0.        ]
    [0.         0.         0.        ]
    [0.         0.         0.        ]
    [0.         0.         0.        ]]

   [[0.         0.         0.        ]
    [0.         0.         0.        ]
    [0.         0.         0.        ]
    [0.         0.         0.        ]]

   [[0.         0.         0.        ]
    [0.         0.         0.        ]
    [0.         0.         0.        ]
    [0.         0.         0.        ]]]]]
